Nodes                                  nuc/dom        prot/dom   postPMax   postNMax             taxonomy
ENSDART00000029264.1                     -16.9            12.2    0.53513 4.9201e-12                      
SINFRUT00000178018.1                     -19.8          0.0882    0.12207 2.3421e-12                      
SINFRUT00000132339.2                  0.000264         2.7e-05   0.047573  0.0010003                      
ENSGALT00000024768.1                     -16.3            4.19    0.66304 2.3844e-11                      
ENST00000306176.1                        -10.3             6.7     0.5598 8.6701e-09                      
SINFRUT00000153409.2                     -31.7           0.431    0.16153 1.3953e-17                      
ENSDART00000008345.3                     -41.7          -0.627    0.13448  7.706e-22                      
SINFRUT00000178018.1&&SINFRUT00000132339.2&&             -33            10.4    0.30542 1.1014e-18                      
ENSDART00000029264.1&&SINFRUT00000178018.1&&SINFRUT00000132339.2&&           -4.79            6.25    0.31225 4.5632e-06                      
ENSGALT00000024768.1&&ENST00000306176.1&&           -9.74            7.91    0.51588 1.9652e-08                      
ENSDART00000029264.1&&SINFRUT00000178018.1&&SINFRUT00000132339.2&&ENSGALT00000024768.1&&ENST00000306176.1&&           -1.56            3.25    0.16632 0.00015671                      
